[[10000001, 6197, 9911, 4436, 25724, 8073, 27789, 29269, 11601, 5125, 29404, 11324, 19023, 22892, 14827, 30561, 12710, 20318, 25702, 43750, 34687, 15137, 19617, 29946, 26582, 12032, 17110, 16934, 29856, 28649, 18804, 15866, 35109, 10128, 21248, 5012, 39317, 5669, 2712, 26996, 22709, 16314, 24874, 10705, 11337], [6197, 10000001, 14054, 3571, 23415, 8559, 27363, 34460, 13255, 2212, 32346, 9658, 16700, 24546, 16810, 26486, 8634, 20073, 25457, 42636, 34261, 11061, 24808, 30425, 31773, 11787, 22301, 16689, 26476, 30303, 14729, 15621, 31034, 11852, 15956, 2604, 39072, 10860, 6083, 22921, 27900, 18860, 24629, 9995, 5829], [9911, 14054, 10000001, 11787, 32423, 6081, 34488, 33079, 20335, 13047, 20284, 11139, 26488, 26847, 18585, 38483, 20632, 18573, 20709, 49570, 38990, 23059, 23428, 33901, 30393, 10286, 20920, 13124, 36555, 32604, 26726, 14121, 43031, 18862, 28906, 11732, 33479, 9492, 11236, 34918, 26520, 7194, 22289, 20415, 18994], [4436, 3571, 11787, 10000001, 24873, 6574, 28913, 32641, 12822, 2508, 30361, 7927, 17914, 24113, 16377, 27944, 10092, 18088, 23472, 44094, 35811, 12519, 22989, 31167, 29954, 9801, 20482, 14704, 27934, 29870, 16187, 13636, 32492, 11349, 18636, 1951, 37087, 9041, 4264, 24379, 26081, 16875, 22644, 11209, 8725], [25724, 23415, 32423, 24873, 10000001, 30020, 4646, 43608, 14263, 23102, 51782, 31373, 9104, 8114, 13706, 9387, 15394, 41534, 46918, 19876, 11544, 14267, 22495, 7708, 19202, 33248, 31006, 38150, 4599, 9481, 10674, 37082, 15836, 15804, 18498, 24042, 60533, 23520, 27285, 11102, 22148, 38692, 46090, 17711, 27863], [8073, 8559, 6081, 6574, 30020, 10000001, 34070, 37129, 18205, 7664, 24263, 5175, 23071, 29496, 21760, 33100, 15249, 12518, 17902, 49250, 40968, 17676, 27477, 36550, 34442, 4231, 24970, 9134, 33090, 35253, 21343, 8066, 37648, 16732, 23523, 6349, 31517, 13529, 6766, 29535, 30569, 10359, 17074, 16366, 13611], [27789, 27363, 34488, 28913, 4646, 34070, 10000001, 44451, 16405, 27016, 53924, 35287, 11245, 10255, 15848, 12292, 19229, 45448, 50832, 16332, 7269, 18252, 23338, 5621, 15740, 37162, 31849, 42064, 7504, 7394, 14659, 40996, 18323, 17946, 22567, 27956, 64447, 25662, 29427, 15171, 20061, 40834, 50004, 19852, 31698], [29269, 34460, 33079, 32641, 43608, 37129, 44451, 10000001, 34233, 33269, 33568, 39468, 39163, 35402, 31258, 52344, 40854, 49109, 53129, 48227, 37647, 43281, 21231, 38734, 29050, 40823, 13930, 45544, 47557, 37744, 45682, 44657, 58794, 33259, 49392, 33156, 65899, 24408, 31323, 53388, 25177, 39614, 53665, 34812, 39481], [11601, 13255, 20335, 12822, 14263, 18205, 16405, 34233, 10000001, 12561, 40150, 19797, 8599, 11702, 3966, 23453, 12110, 29958, 35342, 32560, 23497, 14650, 17870, 18756, 23792, 21671, 22347, 26574, 18666, 17459, 15118, 25506, 29903, 1979, 23091, 12882, 48957, 11655, 13460, 22824, 20512, 27060, 34514, 3793, 18120], [5125, 2212, 13047, 2508, 23102, 7664, 27016, 33269, 12561, 10000001, 31330, 8896, 16062, 23641, 15905, 26091, 8240, 19057, 24441, 42241, 33959, 10667, 23648, 30123, 30613, 10771, 21141, 15673, 26081, 29398, 14334, 14605, 30639, 10877, 16996, 1565, 38056, 9700, 4923, 22526, 26740, 17844, 23613, 9357, 7046], [29404, 32346, 20284, 30361, 51782, 24263, 53924, 33568, 40150, 31330, 10000001, 26467, 46188, 46547, 38285, 56859, 39008, 18125, 11648, 69270, 58690, 41435, 43128, 53601, 50093, 21160, 40620, 17232, 56255, 52304, 45102, 17504, 61407, 38562, 47282, 30108, 19605, 29192, 30073, 53294, 46220, 14245, 15091, 40183, 37370], [11324, 9658, 11139, 7927, 31373, 5175, 35287, 39468, 19797, 8896, 26467, 10000001, 24572, 30976, 23240, 34602, 16750, 14007, 19391, 50752, 42469, 19177, 29843, 38030, 36808, 5893, 27336, 10623, 34592, 36733, 22845, 9555, 39150, 18212, 24729, 7828, 33006, 15895, 9038, 31037, 32935, 14948, 18622, 17867, 15009], [19023, 16700, 26488, 17914, 9104, 23071, 11245, 39163, 8599, 16062, 46188, 24572, 10000001, 12077, 8289, 17859, 8364, 34583, 39967, 27324, 18261, 8992, 21922, 14425, 24167, 26297, 27571, 31199, 13072, 15895, 7350, 30131, 23169, 10387, 17990, 17091, 53582, 18103, 20449, 15056, 24564, 33275, 39139, 8946, 20833], [22892, 24546, 26847, 24113, 8114, 29496, 10255, 35402, 11702, 23641, 46547, 30976, 12077, 10000001, 8197, 17235, 19063, 40815, 46571, 26342, 17279, 19691, 14430, 7503, 12859, 32528, 22941, 37431, 12448, 6206, 16511, 36363, 23685, 12836, 26347, 23739, 59341, 17884, 24317, 18951, 15805, 33056, 45371, 14650, 28977], [14827, 16810, 18585, 16377, 13706, 21760, 15848, 31258, 3966, 15905, 38285, 23240, 8289, 8197, 10000001, 22834, 15631, 33479, 38632, 31941, 22878, 16141, 14095, 15628, 20664, 25192, 19410, 30095, 18047, 14331, 14499, 29027, 29284, 5500, 25139, 16403, 51402, 9945, 16860, 22205, 16737, 25117, 38035, 7314, 21641], [30561, 26486, 38483, 27944, 9387, 33100, 12292, 52344, 23453, 26091, 56859, 34602, 17859, 17235, 22834, 10000001, 18405, 44545, 49929, 18663, 17999, 17278, 31454, 16495, 26470, 36259, 39965, 41161, 5563, 18268, 12314, 40093, 8885, 24763, 18820, 27053, 63544, 32479, 30411, 10009, 30749, 43332, 49101, 25701, 30874], [12710, 8634, 20632, 10092, 15394, 15249, 19229, 40854, 12110, 8240, 39008, 16750, 8364, 19063, 15631, 18405, 10000001, 26806, 32190, 34619, 26244, 3044, 29656, 22408, 31796, 18520, 28890, 23422, 18459, 23998, 6712, 22354, 23017, 10794, 11959, 9314, 45805, 17449, 12672, 14904, 32298, 25593, 31362, 8937, 13134], [20318, 20073, 18573, 18088, 41534, 12518, 45448, 49109, 29958, 19057, 18125, 14007, 34583, 40815, 33479, 44545, 26806, 10000001, 8433, 60717, 52435, 29143, 39653, 48018, 46618, 8673, 37146, 6378, 44557, 46721, 32810, 4458, 49115, 28200, 34990, 17816, 22048, 25705, 18233, 41002, 42745, 15017, 6143, 27833, 25078], [25702, 25457, 20709, 23472, 46918, 17902, 50832, 53129, 35342, 24441, 11648, 19391, 39967, 46571, 38632, 49929, 32190, 8433, 10000001, 65962, 57680, 34388, 43041, 53514, 50006, 13918, 40533, 11665, 49802, 52217, 38055, 10262, 54360, 33445, 40235, 23061, 14754, 29105, 23478, 46247, 46133, 13655, 4722, 33078, 30323], [43750, 42636, 49570, 44094, 19876, 49250, 16332, 48227, 32560, 42241, 69270, 50752, 27324, 26342, 31941, 18663, 34619, 60717, 65962, 10000001, 10324, 32969, 27212, 20813, 19999, 51950, 35723, 56852, 16235, 22586, 28196, 55784, 14870, 33225, 33715, 42744, 79235, 40411, 44706, 22953, 23883, 55618, 64792, 35131, 46565], [34687, 34261, 38990, 35811, 11544, 40968, 7269, 37647, 23497, 33959, 58690, 42469, 18261, 17279, 22878, 17999, 26244, 52435, 57680, 10324, 10000001, 25091, 16953, 12373, 9740, 44001, 25464, 48903, 12914, 14146, 20544, 47835, 22636, 24785, 27977, 34795, 71644, 30152, 36266, 20581, 13624, 45359, 56843, 26691, 38537], [15137, 11061, 23059, 12519, 14267, 17676, 18252, 43281, 14650, 10667, 41435, 19177, 8992, 19691, 16141, 17278, 3044, 29143, 34388, 32969, 25091, 10000001, 30194, 21232, 32045, 20861, 31231, 25763, 17283, 23005, 5536, 24695, 21771, 13283, 12455, 11655, 48146, 19790, 15013, 13658, 32836, 27934, 33703, 11426, 15475], [19617, 24808, 23428, 22989, 22495, 27477, 23338, 21231, 17870, 23648, 43128, 29843, 21922, 14430, 14095, 31454, 29656, 39653, 43041, 27212, 16953, 30194, 10000001, 17722, 8038, 30807, 8709, 35529, 26585, 16732, 27887, 34641, 37822, 19165, 38527, 23140, 55884, 14392, 21307, 33088, 4165, 29599, 43649, 20979, 29465], [29946, 30425, 33901, 31167, 7708, 36550, 5621, 38734, 18756, 30123, 53601, 38030, 14425, 7503, 15628, 16495, 22408, 48018, 53514, 20813, 12373, 21232, 17722, 10000001, 11777, 39690, 26511, 44593, 11597, 2339, 17710, 43525, 22834, 19998, 25798, 30901, 66503, 25046, 31479, 18402, 14723, 40218, 52533, 21812, 34749], [26582, 31773, 30393, 29954, 19202, 34442, 15740, 29050, 23792, 30613, 50093, 36808, 24167, 12859, 20664, 26470, 31796, 46618, 50006, 19999, 9740, 32045, 8038, 11777, 10000001, 37786, 16683, 42508, 21474, 10619, 28219, 41620, 31880, 25266, 36537, 30119, 62863, 21371, 28286, 29141, 4895, 36578, 50628, 27080, 36444], [12032, 11787, 10286, 9801, 33248, 4231, 37162, 40823, 21671, 10771, 21160, 5893, 26297, 32528, 25192, 36259, 18520, 8673, 13918, 51950, 44001, 20861, 30807, 39690, 37786, 10000001, 28882, 5497, 36293, 38457, 24546, 4429, 40851, 19936, 26726, 9552, 27880, 17441, 9969, 32738, 34481, 9569, 13437, 19569, 16814], [17110, 22301, 20920, 20482, 31006, 24970, 31849, 13930, 22347, 21141, 40620, 27336, 27571, 22941, 19410, 39965, 28890, 37146, 40533, 35723, 25464, 31231, 8709, 26511, 16683, 28882, 10000001, 33376, 34935, 25122, 33514, 32489, 46172, 21091, 37224, 20988, 53731, 12240, 19155, 41438, 12555, 27446, 41497, 22644, 27313], [16934, 16689, 13124, 14704, 38150, 9134, 42064, 45544, 26574, 15673, 17232, 10623, 31199, 37431, 30095, 41161, 23422, 6378, 11665, 56852, 48903, 25763, 35529, 44593, 42508, 5497, 33376, 10000001, 41081, 43245, 29334, 2803, 45639, 24724, 31514, 14340, 25607, 22163, 14757, 37526, 39191, 8775, 11164, 24357, 21602], [29856, 26476, 36555, 27934, 4599, 33090, 7504, 47557, 18666, 26081, 56255, 34592, 13072, 12448, 18047, 5563, 18459, 44557, 49802, 16235, 12914, 17283, 26585, 11597, 21474, 36293, 34935, 41081, 10000001, 13503, 12298, 40025, 11366, 19999, 19731, 26985, 63476, 27715, 30343, 12335, 25984, 42887, 49033, 21630, 30806], [28649, 30303, 32604, 29870, 9481, 35253, 7394, 37744, 17459, 29398, 52304, 36733, 15895, 6206, 14331, 18268, 23998, 46721, 52217, 22586, 14146, 23005, 16732, 2339, 10619, 38457, 25122, 43245, 13503, 10000001, 19684, 42306, 24713, 18779, 27677, 29682, 65284, 23827, 30260, 20281, 13846, 38999, 51314, 20593, 34920], [18804, 14729, 26726, 16187, 10674, 21343, 14659, 45682, 15118, 14334, 45102, 22845, 7350, 16511, 14499, 12314, 6712, 32810, 38055, 28196, 20544, 5536, 27887, 17710, 28219, 24546, 33514, 29334, 12298, 19684, 10000001, 28180, 16902, 15646, 10891, 15140, 51631, 23275, 18498, 8789, 30832, 31419, 37188, 13789, 18961], [15866, 15621, 14121, 13636, 37082, 8066, 40996, 44657, 25506, 14605, 17504, 9555, 30131, 36363, 29027, 40093, 22354, 4458, 10262, 55784, 47835, 24695, 34641, 43525, 41620, 4429, 32489, 2803, 40025, 42306, 28180, 10000001, 44696, 23781, 30571, 13397, 23980, 21286, 13814, 36583, 38326, 11284, 9537, 23414, 20659], [35109, 31034, 43031, 32492, 15836, 37648, 18323, 58794, 29903, 30639, 61407, 39150, 23169, 23685, 29284, 8885, 23017, 49115, 54360, 14870, 22636, 21771, 37822, 22834, 31880, 40851, 46172, 45639, 11366, 24713, 16902, 44696, 10000001, 31166, 19206, 31358, 67849, 38882, 34716, 8443, 36292, 47637, 53406, 30006, 34920], [10128, 11852, 18862, 11349, 15804, 16732, 17946, 33259, 1979, 10877, 38562, 18212, 10387, 12836, 5500, 24763, 10794, 28200, 33445, 33225, 24785, 13283, 19165, 19998, 25266, 19936, 21091, 24724, 19999, 18779, 15646, 23781, 31166, 10000001, 21716, 11426, 47501, 10198, 12004, 24073, 22033, 25603, 33058, 2418, 16745], [21248, 15956, 28906, 18636, 18498, 23523, 22567, 49392, 23091, 16996, 47282, 24729, 17990, 26347, 25139, 18820, 11959, 34990, 40235, 33715, 27977, 12455, 38527, 25798, 36537, 26726, 37224, 31514, 19731, 27677, 10891, 30571, 19206, 21716, 10000001, 17813, 54281, 26069, 21292, 11435, 40368, 34069, 39838, 19967, 16512], [5012, 2604, 11732, 1951, 24042, 6349, 27956, 33156, 12882, 1565, 30108, 7828, 17091, 23739, 16403, 27053, 9314, 17816, 23061, 42744, 34795, 11655, 23140, 30901, 30119, 9552, 20988, 14340, 26985, 29682, 15140, 13397, 31358, 11426, 17813, 10000001, 36792, 9663, 4886, 23639, 26703, 16580, 22349, 10470, 7701], [39317, 39072, 33479, 37087, 60533, 31517, 64447, 65899, 48957, 38056, 19605, 33006, 53582, 59341, 51402, 63544, 45805, 22048, 14754, 79235, 71644, 48146, 55884, 66503, 62863, 27880, 53731, 25607, 63476, 65284, 51631, 23980, 67849, 47501, 54281, 36792, 10000001, 41487, 36675, 59444, 58515, 26037, 18633, 46275, 43520], [5669, 10860, 9492, 9041, 23520, 13529, 25662, 24408, 11655, 9700, 29192, 15895, 18103, 17884, 9945, 32479, 17449, 25705, 29105, 40411, 30152, 19790, 14392, 25046, 21371, 17441, 12240, 22163, 27715, 23827, 23275, 21286, 38882, 10198, 26069, 9663, 41487, 10000001, 7798, 31615, 17836, 16021, 30140, 11594, 15956], [2712, 6083, 11236, 4264, 27285, 6766, 29427, 31323, 13460, 4923, 30073, 9038, 20449, 24317, 16860, 30411, 12672, 18233, 23478, 44706, 36266, 15013, 21307, 31479, 28286, 9969, 19155, 14757, 30343, 30260, 18498, 13814, 34716, 12004, 21292, 4886, 36675, 7798, 10000001, 26859, 24796, 17002, 23044, 12316, 11200], [26996, 22921, 34918, 24379, 11102, 29535, 15171, 53388, 22824, 22526, 53294, 31037, 15056, 18951, 22205, 10009, 14904, 41002, 46247, 22953, 20581, 13658, 33088, 18402, 29141, 32738, 41438, 37526, 12335, 20281, 8789, 36583, 8443, 24073, 11435, 23639, 59444, 31615, 26859, 10000001, 32955, 39708, 45477, 22078, 27113], [22709, 27900, 26520, 26081, 22148, 30569, 20061, 25177, 20512, 26740, 46220, 32935, 24564, 15805, 16737, 30749, 32298, 42745, 46133, 23883, 13624, 32836, 4165, 14723, 4895, 34481, 12555, 39191, 25984, 13846, 30832, 38326, 36292, 22033, 40368, 26703, 58515, 17836, 24796, 32955, 10000001, 32549, 46599, 23506, 32415], [16314, 18860, 7194, 16875, 38692, 10359, 40834, 39614, 27060, 17844, 14245, 14948, 33275, 33056, 25117, 43332, 25593, 15017, 13655, 55618, 45359, 27934, 29599, 40218, 36578, 9569, 27446, 8775, 42887, 38999, 31419, 11284, 47637, 25603, 34069, 16580, 26037, 16021, 17002, 39708, 32549, 10000001, 15612, 26504, 23749], [24874, 24629, 22289, 22644, 46090, 17074, 50004, 53665, 34514, 23613, 15091, 18622, 39139, 45371, 38035, 49101, 31362, 6143, 4722, 64792, 56843, 33703, 43649, 52533, 50628, 13437, 41497, 11164, 49033, 51314, 37188, 9537, 53406, 33058, 39838, 22349, 18633, 30140, 23044, 45477, 46599, 15612, 10000001, 32373, 29618], [10705, 9995, 20415, 11209, 17711, 16366, 19852, 34812, 3793, 9357, 40183, 17867, 8946, 14650, 7314, 25701, 8937, 27833, 33078, 35131, 26691, 11426, 20979, 21812, 27080, 19569, 22644, 24357, 21630, 20593, 13789, 23414, 30006, 2418, 19967, 10470, 46275, 11594, 12316, 22078, 23506, 26504, 32373, 10000001, 14766], [11337, 5829, 18994, 8725, 27863, 13611, 31698, 39481, 18120, 7046, 37370, 15009, 20833, 28977, 21641, 30874, 13134, 25078, 30323, 46565, 38537, 15475, 29465, 34749, 36444, 16814, 27313, 21602, 30806, 34920, 18961, 20659, 34920, 16745, 16512, 7701, 43520, 15956, 11200, 27113, 32415, 23749, 29618, 14766, 10000001]]