[[10000001, 107991, 173125, 79541, 469281, 135079, 528687, 657215, 205208, 92306, 492163, 225306, 314293, 394317, 289958, 586786, 274790, 408326, 549005, 765734, 657796, 325559, 398731, 497622, 535832, 234134, 404647, 344117, 546878, 477185, 413671, 334810, 739798, 176002, 416539, 86912, 821489, 127463, 38657, 562342, 462088, 272004, 528056, 179978, 223581], [107991, 10000001, 291723, 39224, 464666, 166096, 541985, 758007, 240732, 21451, 593750, 175579, 291063, 429841, 310164, 501049, 189052, 427027, 567706, 784392, 671094, 239821, 499523, 582666, 636624, 252835, 505439, 362817, 530859, 512709, 327934, 353511, 654061, 213757, 310193, 28445, 840190, 228256, 94209, 476605, 562880, 349379, 546757, 184545, 119148], [173125, 291723, 10000001, 261280, 574265, 124343, 633671, 688020, 343994, 278172, 346760, 210707, 462216, 441394, 320525, 772652, 460656, 386146, 369612, 930161, 726858, 511425, 429537, 544699, 566638, 211954, 435452, 236699, 651862, 524262, 599537, 312630, 925664, 314788, 600605, 263253, 632094, 159287, 191814, 748208, 492894, 126601, 401853, 341403, 407647], [79541, 39224, 261280, 10000001, 488995, 138578, 526034, 730982, 231427, 30897, 566232, 159026, 312295, 420536, 300859, 525378, 213381, 399509, 540188, 808721, 655143, 264150, 472498, 523841, 609599, 225317, 478414, 335300, 555188, 503404, 352263, 325993, 678390, 202221, 356619, 18888, 812672, 201231, 67184, 500934, 535855, 321861, 519239, 205777, 163661], [469281, 464666, 574265, 488995, 10000001, 615261, 81410, 732264, 264504, 466277, 919647, 635709, 154714, 145700, 246149, 135806, 280083, 876192, 1016871, 325683, 210519, 238223, 322263, 122091, 273095, 702000, 464326, 811982, 79280, 146853, 181349, 802676, 239387, 294112, 372410, 477722, 1289355, 422696, 500412, 217749, 326349, 699488, 995922, 279968, 541004], [135079, 166096, 124343, 138578, 615261, 10000001, 648702, 764970, 363308, 153565, 407320, 85949, 434963, 552417, 432740, 648045, 336049, 261955, 402634, 931388, 777811, 386818, 506486, 655722, 643587, 87763, 512402, 197746, 677855, 635285, 474930, 188439, 801057, 334102, 475998, 138646, 675118, 235219, 110563, 623601, 569843, 183439, 381685, 328445, 283040], [528687, 541985, 633671, 526034, 81410, 648702, 10000001, 756197, 324989, 499682, 980132, 669114, 215199, 206185, 306634, 197504, 347043, 909597, 1050276, 239330, 131392, 316220, 346196, 77004, 257188, 735405, 488259, 845387, 140978, 101766, 259346, 836081, 297706, 354597, 449926, 511127, 1322760, 483181, 560897, 295264, 281262, 759973, 1029327, 340453, 607964], [657215, 758007, 688020, 730982, 732264, 764970, 756197, 10000001, 637202, 724601, 628383, 857601, 715556, 567092, 573836, 846337, 907085, 1019478, 1039234, 893313, 690010, 957854, 390682, 659380, 529790, 845286, 244250, 906321, 789811, 646695, 831620, 945962, 949918, 662852, 1048834, 719206, 1301716, 519176, 677338, 975573, 456046, 796223, 1139208, 689467, 855876], [205208, 240732, 343994, 231427, 264504, 363308, 324989, 637202, 10000001, 228695, 690768, 385723, 154482, 191566, 71889, 400654, 176534, 626206, 766885, 562984, 455046, 231437, 260998, 294871, 348412, 452014, 405250, 561997, 344128, 274434, 270546, 552690, 504235, 31279, 446453, 229845, 1039369, 189587, 237578, 414499, 319452, 470609, 745936, 59319, 356501], [92306, 21451, 278172, 30897, 466277, 153565, 499682, 724601, 228695, 10000001, 580773, 173567, 284860, 420666, 300989, 497942, 185946, 414050, 554729, 781285, 627708, 236715, 485013, 539280, 622114, 239858, 490929, 349840, 527752, 503534, 324827, 340534, 650954, 202351, 333891, 15580, 827213, 213746, 79699, 473498, 548370, 336402, 533780, 178342, 147754], [492163, 593750, 346760, 566232, 919647, 407320, 980132, 628383, 690768, 580773, 10000001, 519771, 806911, 786089, 665220, 1098802, 786806, 341528, 199994, 1274856, 1071553, 837575, 774232, 889394, 911333, 422410, 780147, 314134, 996557, 868957, 925687, 323224, 1251814, 659483, 926755, 589403, 358108, 503982, 500268, 1074358, 837589, 222361, 274275, 670150, 733797], [225306, 175579, 210707, 159026, 635709, 85949, 669114, 857601, 385723, 173567, 519771, 10000001, 453922, 573395, 453718, 667005, 355008, 263071, 403750, 950348, 796770, 405777, 618022, 676700, 755123, 96861, 623938, 198861, 696815, 656263, 493890, 189555, 820017, 355080, 486015, 159623, 676234, 346755, 169520, 642561, 681379, 265046, 409656, 347404, 286034], [314293, 291063, 462216, 312295, 154714, 434963, 215199, 715556, 154482, 284860, 806911, 453922, 10000001, 156335, 135343, 296049, 132678, 695232, 835911, 451620, 343682, 138927, 318969, 255254, 313181, 521040, 482514, 631022, 239523, 229616, 122125, 621716, 443534, 183306, 298268, 296762, 1108395, 311890, 360881, 266078, 377423, 588682, 814962, 126680, 393599], [394317, 429841, 441394, 420536, 145700, 552417, 206185, 567092, 191566, 420666, 786089, 573395, 156335, 10000001, 121468, 280672, 282048, 814480, 809947, 443002, 335064, 288297, 176683, 105598, 162636, 640288, 318746, 750271, 224146, 85161, 274941, 740964, 384253, 219552, 517276, 418119, 1072429, 290144, 425852, 362615, 215890, 566936, 934210, 247593, 544775], [289958, 310164, 320525, 300859, 246149, 432740, 306634, 573836, 71889, 300989, 665220, 453718, 135343, 121468, 10000001, 381255, 245978, 695650, 690372, 543585, 435647, 267949, 183901, 225456, 278997, 521458, 341164, 631441, 324729, 205019, 251147, 622134, 484836, 100722, 427290, 299289, 952854, 170569, 328730, 395100, 242355, 447361, 815380, 128763, 425945], [586786, 501049, 772652, 525378, 135806, 648045, 197504, 846337, 400654, 497942, 1098802, 667005, 296049, 280672, 381255, 10000001, 316290, 912399, 1053078, 286588, 312721, 274431, 460822, 255678, 438517, 738207, 602885, 848189, 66525, 280440, 182307, 838883, 118421, 432671, 314900, 513929, 1325562, 561255, 578048, 147024, 510126, 834751, 1032129, 414938, 577211], [274790, 189052, 460656, 213381, 280083, 336049, 347043, 907085, 176534, 185946, 786806, 355008, 132678, 282048, 245978, 316290, 10000001, 597108, 737787, 593586, 480288, 49016, 435338, 391860, 437265, 422916, 673987, 532898, 340053, 358926, 137128, 523592, 463255, 149822, 203180, 198638, 1010271, 396804, 262757, 285799, 493792, 519460, 716838, 120610, 261920], [408326, 427027, 386146, 399509, 876192, 261955, 909597, 1019478, 626206, 414050, 341528, 263071, 695232, 814480, 695650, 912399, 597108, 10000001, 151040, 1193717, 1040140, 649147, 781674, 918052, 918775, 172344, 787590, 124079, 940184, 897615, 737259, 74113, 1063386, 596432, 738327, 400975, 423523, 510407, 372892, 885930, 845031, 260593, 112496, 590774, 545369], [549005, 567706, 369612, 540188, 1016871, 402634, 1050276, 1039234, 766885, 554729, 199994, 403750, 835911, 809947, 690372, 1053078, 737787, 151040, 10000001, 1331220, 1177643, 786650, 802844, 918006, 939945, 309847, 808759, 244850, 1077687, 897569, 874762, 210661, 1200889, 733935, 875830, 538478, 270571, 532594, 510395, 1023433, 866201, 243284, 73311, 728277, 682872], [765734, 784392, 930161, 808721, 325683, 931388, 239330, 893313, 562984, 781285, 1274856, 950348, 451620, 443002, 543585, 286588, 593586, 1193717, 1331220, 10000001, 203753, 557739, 506980, 366776, 365906, 1021516, 649043, 1131498, 279485, 391538, 501075, 1122192, 250633, 644062, 627124, 797238, 1608871, 780470, 850362, 419456, 435512, 1057516, 1315438, 629918, 860520], [657796, 671094, 726858, 655143, 210519, 777811, 131392, 690010, 455046, 627708, 1071553, 796770, 343682, 335064, 435647, 312721, 480288, 1040140, 1177643, 203753, 10000001, 446674, 303279, 207765, 162205, 865859, 445342, 975841, 255478, 232527, 393486, 966535, 426949, 485051, 564426, 641581, 1359308, 576769, 691351, 409764, 231811, 853815, 1159781, 470907, 738418], [325559, 239821, 511425, 264150, 238223, 386818, 316220, 957854, 231437, 236715, 837575, 405777, 138927, 288297, 267949, 274431, 49016, 649147, 786650, 557739, 446674, 10000001, 452694, 352172, 495949, 472502, 723573, 582484, 300365, 376934, 97440, 573178, 408565, 204339, 214151, 248224, 1059857, 446390, 312343, 231109, 511148, 569046, 766424, 175127, 311506], [398731, 499523, 429537, 472498, 322263, 506486, 346196, 390682, 260998, 485013, 774232, 618022, 318969, 176683, 183901, 460822, 435338, 781674, 802844, 506980, 303279, 452694, 10000001, 270233, 140643, 606623, 143008, 667657, 400872, 257548, 435333, 707299, 560979, 290435, 611476, 480543, 1063052, 280513, 438675, 539341, 66899, 557559, 900545, 318476, 617212], [497622, 582666, 544699, 523841, 122091, 655722, 77004, 659380, 294871, 539280, 889394, 676700, 255254, 105598, 225456, 255678, 391860, 918052, 918006, 366776, 207765, 352172, 270233, 10000001, 153787, 744340, 414038, 854323, 198642, 28742, 300615, 845016, 358749, 323604, 495850, 522171, 1176481, 394196, 529904, 341189, 207041, 670988, 1038262, 351645, 649233], [535832, 636624, 566638, 609599, 273095, 643587, 257188, 529790, 348412, 622114, 911333, 755123, 313181, 162636, 278997, 438517, 437265, 918775, 939945, 365906, 162205, 495949, 140643, 153787, 10000001, 742109, 284572, 803143, 381518, 141109, 442729, 842785, 535183, 393570, 690466, 616029, 1198538, 415999, 574161, 535804, 77575, 693045, 1036031, 421611, 752698], [234134, 252835, 211954, 225317, 702000, 87763, 735405, 845286, 452014, 239858, 422410, 96861, 521040, 640288, 521458, 738207, 422916, 172344, 309847, 1021516, 865859, 472502, 606623, 744340, 742109, 10000001, 611123, 107759, 763717, 721148, 560792, 98453, 886919, 419965, 561860, 224508, 585132, 333940, 196425, 709463, 668564, 171518, 291699, 414307, 368902], [404647, 505439, 435452, 478414, 464326, 512402, 488259, 244250, 405250, 490929, 780147, 623938, 482514, 318746, 341164, 602885, 673987, 787590, 808759, 649043, 445342, 723573, 143008, 414038, 284572, 611123, 10000001, 674481, 542951, 399835, 599780, 714122, 703058, 431012, 816994, 487366, 1069876, 287336, 445498, 681420, 209186, 564383, 907368, 457627, 624036], [344117, 362817, 236699, 335300, 811982, 197746, 845387, 906321, 561997, 349840, 314134, 198861, 631022, 750271, 631441, 848189, 532898, 124079, 244850, 1131498, 975841, 582484, 667657, 854323, 803143, 107759, 674481, 10000001, 871651, 829082, 668726, 46677, 994853, 527899, 669794, 332442, 519721, 397093, 304359, 817397, 730700, 152781, 226288, 522241, 476836], [546878, 530859, 651862, 555188, 79280, 677855, 140978, 789811, 344128, 527752, 996557, 696815, 239523, 224146, 324729, 66525, 340053, 940184, 1077687, 279485, 255478, 300365, 400872, 198642, 381518, 763717, 542951, 871651, 10000001, 223859, 229709, 865631, 160492, 376090, 400649, 540677, 1352310, 504674, 604796, 245987, 453545, 781466, 1058877, 358215, 603959], [477185, 512709, 524262, 503404, 146853, 635285, 101766, 646695, 274434, 503534, 868957, 656263, 229616, 85161, 205019, 280440, 358926, 897615, 897569, 391538, 232527, 376934, 257548, 28742, 141109, 721148, 399835, 829082, 223859, 10000001, 278998, 825081, 384411, 303669, 521512, 502236, 1156546, 374261, 509969, 366851, 195211, 651053, 1018327, 331710, 628892], [413671, 327934, 599537, 352263, 181349, 474930, 259346, 831620, 270546, 324827, 925687, 493890, 122125, 274941, 251147, 182307, 137128, 737259, 874762, 501075, 393486, 97440, 435333, 300615, 442729, 560792, 599780, 668726, 229709, 278998, 10000001, 660691, 331362, 265957, 178024, 335737, 1147370, 533903, 399856, 153906, 492373, 656559, 853937, 236745, 399019], [334810, 353511, 312630, 325993, 802676, 188439, 836081, 945962, 552690, 340534, 323224, 189555, 621716, 740964, 622134, 838883, 523592, 74113, 210661, 1122192, 966535, 573178, 707299, 845016, 842785, 98453, 714122, 46677, 865631, 825081, 660691, 10000001, 988508, 521554, 663449, 326097, 483844, 435529, 298014, 811052, 770153, 199391, 190411, 515896, 470491], [739798, 654061, 925664, 678390, 239387, 801057, 297706, 949918, 504235, 650954, 1251814, 820017, 443534, 384253, 484836, 118421, 463255, 1063386, 1200889, 250633, 426949, 408565, 560979, 358749, 535183, 886919, 703058, 994853, 160492, 384411, 331362, 988508, 10000001, 536565, 374412, 670483, 1482116, 665149, 734602, 166745, 599319, 991305, 1188683, 571491, 697023], [176002, 213757, 314788, 202221, 294112, 334102, 354597, 662852, 31279, 202351, 659483, 355080, 183306, 219552, 100722, 432671, 149822, 596432, 733935, 644062, 485051, 204339, 290435, 323604, 393570, 419965, 431012, 527899, 376090, 303669, 265957, 521554, 536565, 10000001, 419477, 200639, 1010163, 160381, 208372, 409499, 348208, 441403, 716730, 32343, 329525], [416539, 310193, 600605, 356619, 372410, 475998, 449926, 1048834, 446453, 333891, 926755, 486015, 298268, 517276, 427290, 314900, 203180, 738327, 875830, 627124, 564426, 214151, 611476, 495850, 690466, 561860, 816994, 669794, 400649, 521512, 178024, 663449, 374412, 419477, 10000001, 338920, 1150666, 538731, 404684, 191478, 698903, 659855, 857233, 400827, 307307], [86912, 28445, 263253, 18888, 477722, 138646, 511127, 719206, 229845, 15580, 589403, 159623, 296762, 418119, 299289, 513929, 198638, 400975, 538478, 797238, 641581, 248224, 480543, 522171, 616029, 224508, 487366, 332442, 540677, 502236, 335737, 326097, 670483, 200639, 338920, 10000001, 812276, 208252, 74205, 485710, 542876, 321465, 518843, 190554, 144004], [821489, 840190, 632094, 812672, 1289355, 675118, 1322760, 1301716, 1039369, 827213, 358108, 676234, 1108395, 1072429, 952854, 1325562, 1010271, 423523, 270571, 1608871, 1359308, 1059857, 1063052, 1176481, 1198538, 585132, 1069876, 519721, 1352310, 1156546, 1147370, 483844, 1482116, 1010163, 1150666, 812276, 10000001, 792842, 779605, 1292643, 1126449, 503532, 352765, 997487, 952082], [127463, 228256, 159287, 201231, 422696, 235219, 483181, 519176, 189587, 213746, 503982, 346755, 311890, 290144, 170569, 561255, 396804, 510407, 532594, 780470, 576769, 446390, 280513, 394196, 415999, 333940, 287336, 397093, 504674, 374261, 533903, 435529, 665149, 160381, 538731, 208252, 792842, 10000001, 167137, 684436, 342569, 286024, 629008, 186919, 345675], [38657, 94209, 191814, 67184, 500412, 110563, 560897, 677338, 237578, 79699, 500268, 169520, 360881, 425852, 328730, 578048, 262757, 372892, 510395, 850362, 691351, 312343, 438675, 529904, 574161, 196425, 445498, 304359, 604796, 509969, 399856, 298014, 734602, 208372, 404684, 74205, 779605, 167137, 10000001, 550213, 500915, 283379, 501708, 206470, 211452], [562342, 476605, 748208, 500934, 217749, 623601, 295264, 975573, 414499, 473498, 1074358, 642561, 266078, 362615, 395100, 147024, 285799, 885930, 1023433, 419456, 409764, 231109, 539341, 341189, 535804, 709463, 681420, 817397, 245987, 366851, 153906, 811052, 166745, 409499, 191478, 485710, 1292643, 684436, 550213, 10000001, 544958, 806961, 1004339, 387147, 513882], [462088, 562880, 492894, 535855, 326349, 569843, 281262, 456046, 319452, 548370, 837589, 681379, 377423, 215890, 242355, 510126, 493792, 845031, 866201, 435512, 231811, 511148, 66899, 207041, 77575, 668564, 209186, 730700, 453545, 195211, 492373, 770153, 599319, 348208, 698903, 542876, 1126449, 342569, 500915, 544958, 10000001, 620482, 963468, 376635, 680135], [272004, 349379, 126601, 321861, 699488, 183439, 759973, 796223, 470609, 336402, 222361, 265046, 588682, 566936, 447361, 834751, 519460, 260593, 243284, 1057516, 853815, 569046, 557559, 670988, 693045, 171518, 564383, 152781, 781466, 651053, 656559, 199391, 991305, 441403, 659855, 321465, 503532, 286024, 283379, 806961, 620482, 10000001, 278258, 512121, 466716], [528056, 546757, 401853, 519239, 995922, 381685, 1029327, 1139208, 745936, 533780, 274275, 409656, 814962, 934210, 815380, 1032129, 716838, 112496, 73311, 1315438, 1159781, 766424, 900545, 1038262, 1036031, 291699, 907368, 226288, 1058877, 1018327, 853937, 190411, 1188683, 716730, 857233, 518843, 352765, 629008, 501708, 1004339, 963468, 278258, 10000001, 707955, 662550], [179978, 184545, 341403, 205777, 279968, 328445, 340453, 689467, 59319, 178342, 670150, 347404, 126680, 247593, 128763, 414938, 120610, 590774, 728277, 629918, 470907, 175127, 318476, 351645, 421611, 414307, 457627, 522241, 358215, 331710, 236745, 515896, 571491, 32343, 400827, 190554, 997487, 186919, 206470, 387147, 376635, 512121, 707955, 10000001, 299112], [223581, 119148, 407647, 163661, 541004, 283040, 607964, 855876, 356501, 147754, 733797, 286034, 393599, 544775, 425945, 577211, 261920, 545369, 682872, 860520, 738418, 311506, 617212, 649233, 752698, 368902, 624036, 476836, 603959, 628892, 399019, 470491, 697023, 329525, 307307, 144004, 952082, 345675, 211452, 513882, 680135, 466716, 662550, 299112, 10000001]]